20250320170206819941
20250320172929548195
20250320174645983071
20250320181136667007
20250320185329733960
20250320191411492768
20250320192218233609
20250320194025394112
20250320195218613782
20250320200020568438
20250320202512554843
20250320203635414907
20250320204824450549
20250320212209173575
20250320214705472399
20250320220152026374
20250320221736431544
20250320222324539469
20250320223909388496
20250320225429259494
20250320230439861563
20250320232424830550
20250320234218978411
20250320235420454562
20250321001708234004
20250321003240406392
20250321005131630532
20250321012319511913
20250321014134046721
20250321015541831915
20250321021035772756
20250321023035578885
20250321025502213417
20250321030617889533
20250321032448262859
20250321033033113070
20250321040107982437
20250321040540104420
20250321042134919650
20250321044227819990
20250321045403268874
20250321045957561373
20250321050852230619
20250321052801725036
20250321060522634372
20250321085609600276
20250321090149357027
20250321092348345826
20250321093554804386
20250321101426995792
20250321104922557005
20250321110326457059
20250321111507777892
20250321112915577956
20250321114759529791
20250321123059885834
20250321124839563357
20250321130853937429
20250321132447068969
20250321134127941532
20250321135107552783
20250321142303704778
20250321143447962264
20250321145413622230
20250321154100904771
20250321155702641144
20250321163450957792
20250321165758983860
20250321171759977898
20250321173908625325
20250321175610032766
20250321181554042448
20250321183826068757
20250321190753727972
20250321192442543735
20250321193523549834
20250321195652277636
20250321203437097693
20250321205748952269
20250321211556150509
20250321214042815707
20250321215810880497
20250321221631489137
20250321224053105083
20250321230055774778
20250321232138390549
20250321234507485284
20250322000533222651
20250322002726602531
20250322004503907116
20250322010520858174
20250322012941676269
20250322013701603200
20250322015705633957
20250322020708630055
20250322021221693512
20250322022759844191
20250322024017662553
20250322025524421659
20250322030253845122
20250322032939075987
20250322035825980704
20250322041136387989
20250322043135646944
20250322044459388991
20250322053043217073
20250322060441046494
20250322061146604755
20250322064145916373
20250322065817828874
20250322071124441213
20250322073112331502
20250322075641905708
20250322080847866899
20250322083235295516
20250322085233621953
20250322090607203515
20250322092122685457
20250322094617826225
20250322095607542729
20250322095727613251
20250322095848761385
20250322095934969393
20250322100128603613
20250322100301972722
20250322100415353715
20250322100700597531
20250322101019064035
20250322101130204424
20250322101417729616
20250322101609204006
20250322101804742824
20250322101928078982
20250322102104902265
20250322102208321672
20250322102351597314
20250322102459667507
20250322102659406957
20250322102845672442
20250322103117376032
20250322103236374668
20250322103351040092
20250322103426619201
20250322103506729026
20250322103916087103
20250322103951011732
20250322104131031132
20250322104306649659
20250322104624508251
20250322104818439282
20250322104922684589
20250322105147767998
20250322105412541784
20250322105701230226
20250322105851879825
20250322110049407007
20250322110301614039
20250322110342386503
20250322110511363284
20250322110639832578
20250322110858448359
20250322111111429955
20250322111241694594
20250322111550842536
20250322111631153267
20250322111821064473
20250322111951483978
20250322112117230601
20250322112229665204
20250322112444149258
20250322112635997618
20250322112832544060
20250322113017801048
20250322113129535842
20250322113214467032
20250322113246904644
20250322113446091136
20250322113550633986
20250322113639023394
20250322113922353343
20250322114028323691
20250322114224360485
20250322114348453237
20250322114415121014
20250322114505533639
20250322114723681683
20250322114906028732
20250322115029144351
20250322115208790991
20250322115312671455
20250322115429871082
20250322115505864466
20250322115605506680
20250322115652651084
20250322115826461875
20250322115957331553
20250322120100781256
20250322120210799282
20250322120304850025
20250322120510890925
20250322120716336462
20250322120818670245
20250322120944948110
20250322121106489769
20250322121201012968
20250322121329508970
20250322121529672578
20250322121609343722
20250322121756404396
20250322121937023620
20250322122023070028
20250322122154229316
20250322122322679794
20250322122359412301
20250322122449828831
20250322122517916438
20250322122711606904
20250322122820002370
20250322122928576808
20250322123315079012
20250322123442665544
20250322123535551474
20250322123732027098
20250322124313241246
20250322124425807542
20250322124530327327
20250322124748652385
20250322124918887118
20250322124935915714
20250322125014331932
20250322125221601507
20250322125446680550
20250322125510931598
20250322125726461954
20250322125843217268
20250322125943313910
20250322130016077046
20250322130111441516
20250322130255534090
20250322130343351594
20250322130418008313
20250322130513237227
20250322130744077541
20250322130815426369
20250322130925976113
20250322131117799486
20250322131327897676
20250322131453101360
20250322131545939334
20250322131816537350
20250322132102632884
20250322132243110553
20250322132408507754
20250322132717232015
20250322132902595888
20250322133054831869
20250322133205954447
20250322133336432990
20250322133516255407
20250322133714881548
20250322133818844771
20250322134014388277
20250322134511185656
20250322134730547852
20250322134800424684
20250322134843770496
20250322135132834244
20250322135334473422
20250322135526421336
20250322135645956343
20250322135824336413
20250322135932103220
20250322140132242535
20250322140154912272
20250322140259182834
20250322140513260131
20250322140611425972
20250322140736798967
20250322140827400294
20250322141032645947
20250322141225685618
20250322141352007404
20250322141432153628
20250322141616583020
20250322141737945093
20250322141902088550
20250322142011750444
20250322142148013055
20250322142325698265
20250322142555059765
20250322142704160709
20250322142800828664
20250322142924303714
20250322143118023796
20250322143350265147
20250322143422309201
20250322143509404243
20250322143803572219
20250322143826821479
20250322144041343820
20250322144144849156
20250322144415742300
20250322144537687912
20250322144752949760
20250322145006297127
20250322145220881287
20250322145319939786
20250322145515706841
20250322145719939852
20250322145935637162
20250322150136303463
20250322150257554466
20250322150431712779
20250322150628603322
20250322150735067774
20250322150932392955
20250322151101473938
20250322151133374018
20250322151424957747
20250322151550901040
20250322151653555077
20250322151909152449
20250322152131967207
20250322152242444782
20250322152427009424
20250322152605637175
20250322152750352060
20250322153019720948
20250322153137968098
20250322153323437157
20250322153512988308
20250322153715863388
20250322153836195305
20250322154110814296
20250322154233620785
20250322154322994415
20250322154458839830
20250322154724520443
20250322154955619628
20250322155124892232
20250322155307163900
20250322155510815753
20250322155743289387
20250322155930804307
20250322160153026298
20250322160440250415
20250322160652806367
20250322160912169075
20250322160947768778
20250322161119950251
20250322161223250988
20250322161350446939
20250322161540057793
20250322161723016091
20250322161838167123
20250322161922305842
20250322162130678783
20250322162318015060
20250322162600764514
20250322162639329529
20250322162714026128
20250322162832387131
20250322162934842395
20250322163024730313
20250322163113956520
20250322163338082618
20250322163441013854
20250322163559171638
20250322163712853481
20250322163808484096
20250322163936251516
20250322164119202668
20250322164252824858
20250322164347281429
20250322164500262992
20250322164619933639
20250322164746348532
20250322164904290444
20250322165043173694
20250322165251726906
20250322165320233285
20250322165408664851
20250322165500337182
20250322165621384276
20250322165815025938
20250322165846618533
20250322165940783926
20250322170131342445
20250322170255080306
20250322170452518919
20250322170558802315
20250322170651785696
20250322170809227196
20250322171026896798
20250322171149828181
20250322171401221912
20250322171614711747
20250322171842444876
20250322172047101131
20250322172202037601
20250322172544089515
20250322172725248565
20250322172820504430
20250322172840200653
20250322172958579372
20250322173223699634
20250322173329982449
20250322173527406681
20250322173640585113
20250322173756576950
20250322174041159974
20250322174246065491
20250322174416813901
20250322174657670212
20250322175102685876
20250322175215522756
20250322175336814965
20250322175558137264
20250322175756304015
20250322180019304940
20250322180248296035
20250322180347534416
20250322180537456365
20250322180714633820
20250322180824269843
20250322181010376740
20250322181200776555
20250322181246907820
20250322181348136306
20250322181616345976
20250322181743178344
20250322181856952378
20250322181955483346
20250322182125556016
20250322182234352743
20250322182421765446
20250322182524785945
20250322182829463863
20250322183042357626
20250322183224887988
20250322183414330621
20250322183516011678
20250322183635413880
20250322183827863490
20250322184018789784
20250322184234604786
20250322184452221965
20250322184645402425
20250322184734417066
20250322184839080194
20250322185001454153
20250322185209769887
20250322185550990344
20250322185931577006
20250322190153616415
20250322190311297862
20250322190437693735
20250322190529281787
20250322190630567580
20250322190706003097
20250322190757970022
20250322190904722457
20250322190952338981
20250322191151663859
20250322191359629201
20250322191532512033
20250322191733657506
20250322191849158570
20250322192111644498
20250322192244144825
20250322192539273821
20250322192633650750
20250322192735442238
20250322192837344539
20250322192923023864
20250322193300057721
20250322193358425203
20250322193706472711
20250322194006438702
20250322194040933017
20250322194413510599
20250322194523375350
20250322194628144139
20250322194740856334
20250322195002521038
20250322195113944545
20250322195306910413
20250322195459576033
20250322195637097423
20250322195922463869
20250322200150325529
20250322200424218661
20250322200553254231
20250322200834839115
20250322200943541509
20250322201032927467
20250322201222340630
20250322201355228190
20250322201705617192
20250322201926365017
20250322202135133419
20250322202341077211
20250322202530521375
20250322202722039745
20250322203055240985
20250322203243172197
20250322203508992461
20250322203738121044
20250322204007242059
20250322204326568116
20250322204446605892
20250322204638213935
20250322204736825502
20250322204944100590
20250322205253996291
20250322205452622327
20250322205710028509
20250322205855385096
20250322210221181706
20250322210311714578
20250322210503178628
20250322210628214361
20250322210804924498
20250322210932993971
20250322211111248306
20250322211222530399
20250322211415925688
20250322211606225504
20250322211711597207
20250322211916160272
20250322212104099955
20250322212255932033
20250322212451319562
20250322212646669933
20250322212818759906
20250322212944856004
20250322213213989955
20250322213336709238
20250322213504228744
20250322213559549936
20250322213826144462
20250322213948538692
20250322214103079858
20250322214235985832
20250322214546231848
20250322214723819496
20250322215043404872
20250322215243883839
20250322215353852610
20250322215709105229
20250322215849353998
20250322220015400700
20250322220203068176
20250322220359962372
20250322220524475556
20250322220543266807
20250322220755949897
20250322220926173470
20250322221010960710
20250322221148260198
20250322221355337656
20250322221500188081
20250322221545751258
20250322221719479054
20250322221901597403
20250322222023875224
20250322222313170966
20250322222437743459
20250322222612801775
20250322222738088451
20250322222906600894
20250322222953410718
20250322223047025324
20250322223304557628
20250322223449235146
20250322223729332714
20250322224006399871
20250322224121948181
20250322224253460691
20250322224407713026
20250322224655385623
20250322224834058396
20250322225051505547
20250322225250163199
20250322225422036877
20250322225549745438
20250322225645927377
20250322225845665475
20250322230008234713
20250322230200223735
20250322230354886110
20250322230503481303
20250322230626485895
20250322230749584390
20250322230919333455
20250322231028360930
20250322231132464436
20250322231300777303
20250322231426018080
20250322231530384439
20250322231700012158
20250322231757949899
20250322231915758892
20250322232042416652
20250322232242952376
20250322232351056409
20250322232642224025
20250322232707287325
20250322232931607865
20250322233031270210
20250322233114254231
20250322233145886621
20250322233322013270
20250322233612251558
20250322233720201009
20250322233927105219
20250322234046141188
20250322234200347242
20250322234343531673
20250322234518676955
20250322234655750676
20250322234810810082
20250322234913117746
20250322235008018962
20250322235221700103
20250322235441937470
20250322235600954198
20250322235911403902
20250323000004013078
20250323000104560981
20250323000241745232
20250323000340230954
20250323000543011217
20250323000646055266
20250323001003738057
20250323001103118141
20250323001309632233
20250323001424756968
20250323001607558735
20250323001732804119
20250323001805602949
20250323001905629683
20250323002225880906
20250323002401153499
20250323002653841192
20250323003005188989
20250323003128745360
20250323003230014368
20250323003322372145
20250323003732053186
20250323003946990373
20250323004114074254
20250323004304524517
20250323004412489565
20250323004555612217
20250323004727300345
20250323004849397178
20250323005201002252
20250323005320013780
20250323005603380143
20250323005718055367
20250323005811572912
20250323010017698931
20250323010224400530
20250323010353974298
20250323010454658931
20250323010605751222
20250323010818025411
20250323011040735918
20250323011151482207
20250323011359044879
20250323011516572695
20250323011647284466
20250323012151736520
20250323012350774108
20250323012638607623
20250323012812602757
20250323013026225694
20250323013319280009
20250323013516527723
20250323013720655982
20250323013859757907
20250323014138338139
20250323014311073263
20250323014653503918
20250323014741610295
20250323015358903831
20250323015552334774
20250323020027225627
20250323020245002983
20250323020732792860
20250323020907697711
20250323021131629248
20250323021434858236
20250323021628377396
20250323021900260664
20250323022135881028
20250323022320576330
20250323022729460744
20250323022950429789
20250323023132089551
20250323023310812060
20250323023637819017
20250323024036152729
20250323024321612926
20250323024611990164
20250323025058747092
20250323025505032897
20250323025712209416
20250323025921857457
20250323030100248866
20250323030609834986
20250323031320054515
20250323032058179348
20250323032623945076
20250323032959020271
20250323034046928157
20250323034649497758
20250323035638286749
20250323040308368731
20250323041710007520
20250323092111244742
20250323092217689181
20250323092312767726
20250323092459620164
20250323092559847587
20250323093012964861
20250323093207342152
20250323093452984607
20250323093629516825
20250323093918789795
20250323094107779650
20250323094433815997
20250323094525539277
20250323094801994750
20250323095121473964
20250323095206118948
20250323095408723785
20250323095533337613
20250323095635857299
20250323095731834277
20250323095924369574
20250323100257078057
20250323100406317920
20250323100632699623
20250323100750190165
20250323100939295901
20250323101400087520
20250323101548832831
20250323102112626008
20250323102255034878
20250323102503030315
20250323102715199312
20250323103016103641
20250323103157332493
20250323103623551478
20250323103845907686
20250323104320483111
20250323104522783156
20250323104847391517
20250323105119998722
20250323105402246670
20250323105549122906
20250323105709452910
20250323110243696696
20250323110506039950
20250323110601075709
20250323110840725145
20250323111047603138
20250323111207710955
20250323111428206767
20250323111621204775
20250323112143677530
20250323112314800488
20250323112646426643
20250323112804979540
20250323112857459031
20250323113104632047
20250323113609658774
20250323113951777762
20250323114312360842
20250323114450816835
20250323114602534541
20250323115125093228
20250323115418579738
20250323115623819118
20250323115833923308
20250323120352871020
20250323120811104860
20250323121030252762
20250323121438068595
20250323122008489226
20250323122517912268
20250323123259562703
20250323123626526137
20250323123942011763
20250323124603622486
20250323125002409975
20250323125543273949
20250323130502196449
20250323130843712020
20250323131522534120
20250323132213720948
20250323134806878710
20250323135403547845
20250323140157910384
20250323140656231848
20250323141527692001
20250323142626754789
20250323142959082306
20250323143937091362
20250323145216929555
20250323150306482120
20250323181015707172
20250323183738996387
20250323184536643766
20250323185707675644
20250323190748135526
20250323191656218651
20250323202720301747
20250323205639264679
20250323211404873732
20250323214159421677
20250323215250057529
20250323222021333148
20250323223036607062
20250323224503196001
20250323225257829243
20250323230321009371
20250323231111390218
20250323232705407905
20250323234221753039
20250324000500196234
20250324003913112052
20250324004710481559
20250324010202289478
20250324075615781250
20250324080100858660
20250324080545172230
20250324080653633144
20250324081018503826
20250324082001356400
20250324082436128841
20250324083644862367
20250324083949323593
20250324084300334107
20250324090217742732
20250324090936485898
20250324091639547443
20250324091847930699
20250324092715303095
20250324093845129393
20250324094559481730
20250324095526229334
20250324100011376935
20250324100632614012
20250324102719242197
20250324104401727941
20250324195408309791
20250324195535881027
20250324195602280963
20250324195705720568
20250324195820943102
20250324200523507055
20250324200927326970
20250324201622057424
20250324205814100164
20250324205855123545
20250324205950330860
20250324210025716413
20250324210119900986
20250324210133231608
20250324210153929584
20250324210229307295
20250324210347167551
20250324210425359859
20250324210514440552
20250324210559541056
20250324210652862291
20250324210730907809
20250324210754092080
20250324210855473556
20250324210941483350
20250324211130172650
20250324211220826613
20250324211346712055
20250324211515688174
20250324211606880825
20250324211710555180
20250324211849210175
20250324211933146700
20250324212112539935
20250324212228188276
20250324212247145921
20250324212336698337
20250324212440617012
20250324212504113354
20250324212717186546
20250324212846559410
20250324212956084813
20250324213044642816
20250324213128489836
20250324213201221317
20250324213239447040
20250324213316808585
20250324213426438433
20250324213530755488
20250324213716632743
20250324213834068332
20250324214009827637
20250324214050869679
20250324214154032263
20250324214310443200
20250324214401247406
20250324214528918652
20250324214640993444
20250324214733112098
20250324214839058338
20250324214954680224
20250324215125771087
20250324215319787680
20250324215531462567
20250324215646286916
20250324215747094596
20250324215858460235
20250324220018877932
20250324220209576164
20250324220239516438
20250324220331232955
20250324220416039848
20250324220529524105
20250324220645491540
20250324220902522602
20250324220949594610
20250324221119222257
20250324221336424073
20250324221459945761
20250324221711329917
20250324221831831140
20250324222000963205
20250324222233189075
20250324222410793712
20250324222501602829
20250324222545741073
20250324222624227896
20250324222725623870
20250324222826088737
20250324223115080124
20250324223133216483
20250324223440685215
20250324223552076964
20250324223731853938
20250324223818670052
20250324223907868333
20250324224007254319
20250324224226709385
20250324224253241087
20250324224415075703
20250324224602628238
20250324224659521433
20250324224910791697
20250324225028319011
20250324225153845136
20250324225256305536
20250324225437724680
20250324225556937613
20250324225949505337
20250324230314319068
20250324230611795146
20250324231345629482
20250324231537212324
20250324232040059715
20250324232953978924
20250324233458342818
20250324234503977680
20250324235726222379
20250325000354482663
20250325001049645508
20250325010052283345
20250325010323619370
20250325010612044971
20250325010836106808
20250325011014781074
20250325011115646023
20250325011247423480
20250325011344743657
20250325011651704241
20250325012119256088
20250325012709530257
20250325013107486348
20250325013717266562
20250325013856000201
20250325014301798940
20250325014916459993
20250325015123060991
20250325020010739072
20250325021110233709
20250325021806127336
20250325022532941016
20250325023355922980
